6.02395E+8	-5.6760242904291E-1	-1.2490643091373E+0
6.0239525E+8	-5.6788792124915E-1	-1.2492171556188E+0
6.023955E+8	-5.6828338357242E-1	-1.2493041411569E+0
6.0239575E+8	-5.6848538649843E-1	-1.2490833149184E+0
6.02396E+8	-5.6899652525874E-1	-1.2488052712785E+0
6.0239625E+8	-5.6926646722223E-1	-1.2487311305517E+0
6.023965E+8	-5.6964420137533E-1	-1.2485818897121E+0
6.0239675E+8	-5.7006932735526E-1	-1.248637047398E+0
6.02397E+8	-5.7050204202168E-1	-1.248537239772E+0
6.0239725E+8	-5.7085979276755E-1	-1.248451450049E+0
6.023975E+8	-5.7137067689145E-1	-1.2483640461989E+0
6.0239775E+8	-5.7175157564484E-1	-1.2484366773725E+0
6.02398E+8	-5.7214127710771E-1	-1.2481048810267E+0
6.0239825E+8	-5.7243459442783E-1	-1.2480843020411E+0
6.023985E+8	-5.7280458073925E-1	-1.247888256061E+0
6.0239875E+8	-5.7326472200285E-1	-1.2476476692676E+0
6.02399E+8	-5.7377175948727E-1	-1.2476814977346E+0
6.0239925E+8	-5.7415053031298E-1	-1.2475119416306E+0
6.023995E+8	-5.7447029665672E-1	-1.247191157719E+0
6.0239975E+8	-5.7502832705747E-1	-1.2474178766651E+0
6.024E+8	-5.7536483490044E-1	-1.2473888405584E+0
6.0240025E+8	-5.7580693881028E-1	-1.2472748786357E+0
6.024005E+8	-5.7613080638629E-1	-1.2469257588092E+0
6.0240075E+8	-5.7670607846842E-1	-1.2469651253527E+0
6.02401E+8	-5.7693551253391E-1	-1.2468806087403E+0
6.0240125E+8	-5.7726025768102E-1	-1.2468330897452E+0
6.024015E+8	-5.7804031986183E-1	-1.2466143595947E+0
6.0240175E+8	-5.780441710466E-1	-1.2464244018303E+0
6.02402E+8	-5.7843841479673E-1	-1.2463168282097E+0
6.0240225E+8	-5.7911095760305E-1	-1.2464959281263E+0
6.024025E+8	-5.7931517029924E-1	-1.2461636816406E+0
6.0240275E+8	-5.8003214038385E-1	-1.2461859747772E+0
6.02403E+8	-5.8041283905661E-1	-1.2461711157155E+0
6.0240325E+8	-5.8094665745633E-1	-1.2459839042433E+0
6.024035E+8	-5.8131143306775E-1	-1.245912578005E+0
6.0240375E+8	-5.8169845186272E-1	-1.2454867348732E+0
6.02404E+8	-5.8214501165016E-1	-1.2455818774433E+0
6.0240425E+8	-5.8255018602199E-1	-1.2452328895009E+0
6.024045E+8	-5.8296865083483E-1	-1.245241346615E+0
6.0240475E+8	-5.8334191994636E-1	-1.2450975801702E+0
6.02405E+8	-5.8372481474965E-1	-1.2448483225553E+0
6.0240525E+8	-5.8431483220745E-1	-1.2447942333783E+0
6.024055E+8	-5.8473437006641E-1	-1.2448173722329E+0
6.0240575E+8	-5.8520095872996E-1	-1.2445593437667E+0
6.02406E+8	-5.85574541581E-1	-1.2446368855333E+0
6.0240625E+8	-5.8606621975944E-1	-1.2442153982699E+0
6.024065E+8	-5.8631132680921E-1	-1.2439475577276E+0
6.0240675E+8	-5.8687697769085E-1	-1.244041713631E+0
6.02407E+8	-5.8742333173221E-1	-1.2439787626705E+0
6.0240725E+8	-5.8775974862633E-1	-1.2438493460432E+0
6.024075E+8	-5.8812102314704E-1	-1.2437655614724E+0
6.0240775E+8	-5.8880176388968E-1	-1.2435512099261E+0
6.02408E+8	-5.8928031529825E-1	-1.2434021191325E+0
6.0240825E+8	-5.8963785231112E-1	-1.2432590438069E+0
6.024085E+8	-5.9023706802628E-1	-1.243369009066E+0
6.0240875E+8	-5.9044195817784E-1	-1.2430124369918E+0
6.02409E+8	-5.9094198435997E-1	-1.2428503922641E+0
6.0240925E+8	-5.9140164360719E-1	-1.2429944906277E+0
6.024095E+8	-5.9180611319592E-1	-1.2426087005796E+0
6.0240975E+8	-5.9220867309722E-1	-1.2424177197767E+0
6.0241E+8	-5.9283206441069E-1	-1.2424194202937E+0
6.0241025E+8	-5.9309870077678E-1	-1.2423307524216E+0
6.024105E+8	-5.9357376474758E-1	-1.242163501558E+0
6.0241075E+8	-5.9382442804085E-1	-1.2418757185899E+0
6.02411E+8	-5.9423028894603E-1	-1.2417451106868E+0
6.0241125E+8	-5.9498472501433E-1	-1.2416789223768E+0
6.024115E+8	-5.9544286559785E-1	-1.2414053710063E+0
6.0241175E+8	-5.9601940615113E-1	-1.2414118547991E+0
6.02412E+8	-5.9649821217876E-1	-1.2412343553645E+0
6.0241225E+8	-5.971529767329E-1	-1.2410774076379E+0
6.024125E+8	-5.9749772797641E-1	-1.2409747355078E+0
6.0241275E+8	-5.9793102457536E-1	-1.2409459949447E+0
6.02413E+8	-5.9826451327043E-1	-1.2405628147826E+0
6.0241325E+8	-5.9878877414128E-1	-1.2405898457321E+0
6.024135E+8	-5.9928137529587E-1	-1.24048340427E+0
6.0241375E+8	-5.9984004216651E-1	-1.2402128719985E+0
6.02414E+8	-6.0028379651405E-1	-1.2401102225992E+0
6.0241425E+8	-6.0075795110254E-1	-1.2400782992555E+0
6.024145E+8	-6.0113001981228E-1	-1.2398199024928E+0
6.0241475E+8	-6.017149947509E-1	-1.2396105842929E+0
6.02415E+8	-6.0226365401237E-1	-1.239739441657E+0
6.0241525E+8	-6.028228983252E-1	-1.2395856130611E+0
6.024155E+8	-6.0329469308349E-1	-1.2390853381955E+0
6.0241575E+8	-6.0351247353796E-1	-1.239152176704E+0
6.02416E+8	-6.0396619002079E-1	-1.2389927782311E+0
6.0241625E+8	-6.0441060364254E-1	-1.2387564154403E+0
6.024165E+8	-6.0492311998892E-1	-1.2385960985017E+0
6.0241675E+8	-6.0557400150281E-1	-1.2384640765366E+0
6.02417E+8	-6.061207510677E-1	-1.2383064649692E+0
6.0241725E+8	-6.0651333060924E-1	-1.2382408495604E+0
6.024175E+8	-6.0711623375486E-1	-1.2380892307213E+0
6.0241775E+8	-6.0778592558196E-1	-1.2380754447136E+0
6.02418E+8	-6.081893584461E-1	-1.237858014951E+0
6.0241825E+8	-6.086997150216E-1	-1.2376438589143E+0
6.024185E+8	-6.0896557385472E-1	-1.2373167457961E+0
6.0241875E+8	-6.0975275626573E-1	-1.237310216538E+0
6.02419E+8	-6.1021150609138E-1	-1.2374615080066E+0
6.0241925E+8	-6.1057356716052E-1	-1.2372300648923E+0
6.024195E+8	-6.1145349620059E-1	-1.2371719699513E+0
6.0241975E+8	-6.1179721073534E-1	-1.2367331137598E+0
6.0242E+8	-6.1234499695797E-1	-1.2366974210922E+0
6.0242025E+8	-6.1291980966181E-1	-1.2364850928782E+0
6.024205E+8	-6.1337634516298E-1	-1.2362714369908E+0
6.0242075E+8	-6.1379211361209E-1	-1.2359069034023E+0
6.02421E+8	-6.1431792946177E-1	-1.2357834658636E+0
6.0242125E+8	-6.1491694502958E-1	-1.235734328194E+0
6.024215E+8	-6.1548062703305E-1	-1.2356377624619E+0
6.0242175E+8	-6.1594600614779E-1	-1.2353419997864E+0
6.02422E+8	-6.1673710336209E-1	-1.2355041036322E+0
6.0242225E+8	-6.1714708821519E-1	-1.2351901490581E+0
6.024225E+8	-6.1757219134457E-1	-1.2350057611672E+0
6.0242275E+8	-6.1836297935822E-1	-1.2348873342421E+0
6.02423E+8	-6.1883830697558E-1	-1.2347604911191E+0
6.0242325E+8	-6.1953477514923E-1	-1.2347323552917E+0
6.024235E+8	-6.1979676005087E-1	-1.2341815332264E+0
6.0242375E+8	-6.2049692935348E-1	-1.2341978654672E+0
6.02424E+8	-6.210108097038E-1	-1.233810293051E+0
6.0242425E+8	-6.2137832242415E-1	-1.2335783179569E+0
6.024245E+8	-6.2207639109271E-1	-1.2336290379242E+0
6.0242475E+8	-6.226033390693E-1	-1.2334268491652E+0
6.02425E+8	-6.2313168748656E-1	-1.2330920200591E+0
6.0242525E+8	-6.2368326119969E-1	-1.2330197708138E+0
6.024255E+8	-6.2414228835E-1	-1.2328607860964E+0
6.0242575E+8	-6.2477036734912E-1	-1.2323455657679E+0
6.02426E+8	-6.2543445283721E-1	-1.2323377906775E+0
6.0242625E+8	-6.2612648780764E-1	-1.2325017905528E+0
6.024265E+8	-6.2652934771567E-1	-1.2322231830953E+0
6.0242675E+8	-6.2723208141969E-1	-1.2321107352571E+0
6.02427E+8	-6.2787306891903E-1	-1.2317282189252E+0
6.0242725E+8	-6.2830382374557E-1	-1.2312494278563E+0
6.024275E+8	-6.2861973426532E-1	-1.2312182774711E+0
6.0242775E+8	-6.2943787607224E-1	-1.2312369104118E+0
6.02428E+8	-6.300589210806E-1	-1.2309874481787E+0
6.0242825E+8	-6.3066685751369E-1	-1.2306034768549E+0
6.024285E+8	-6.3135618709104E-1	-1.2305494331437E+0
6.0242875E+8	-6.3189449761499E-1	-1.2304889693039E+0
6.02429E+8	-6.3250938163142E-1	-1.2302588902376E+0
6.0242925E+8	-6.3291155951068E-1	-1.2298817800888E+0
6.024295E+8	-6.3348317115404E-1	-1.2297366132091E+0
6.0242975E+8	-6.342121492494E-1	-1.2295302595422E+0
6.0243E+8	-6.3490293834175E-1	-1.2293168128078E+0
6.0243025E+8	-6.3542735369552E-1	-1.2291530630039E+0
6.024305E+8	-6.3596270421334E-1	-1.2290480719809E+0
6.0243075E+8	-6.367720023797E-1	-1.2289866760361E+0
6.02431E+8	-6.3737822008011E-1	-1.2285858541273E+0
6.0243125E+8	-6.3778406725015E-1	-1.2283908721053E+0
6.024315E+8	-6.3839379511519E-1	-1.2282403308575E+0
6.0243175E+8	-6.3901132536851E-1	-1.2281341349291E+0
6.02432E+8	-6.3976015497062E-1	-1.2278141557892E+0
6.0243225E+8	-6.4052280244495E-1	-1.2276768822194E+0
6.024325E+8	-6.410901627701E-1	-1.2274447161528E+0
6.0243275E+8	-6.4149747856152E-1	-1.2270726620855E+0
6.02433E+8	-6.4232931542092E-1	-1.2270163676938E+0
6.0243325E+8	-6.4283747577603E-1	-1.2267277162655E+0
6.024335E+8	-6.4360261490838E-1	-1.2263219701333E+0
6.0243375E+8	-6.4405003844398E-1	-1.2261978187337E+0
6.02434E+8	-6.4479059276106E-1	-1.2259150327279E+0
6.0243425E+8	-6.4539319569534E-1	-1.2256527120322E+0
6.024345E+8	-6.4602419369282E-1	-1.2255399641055E+0
6.0243475E+8	-6.4667241059584E-1	-1.2252407412782E+0
6.02435E+8	-6.4741075513509E-1	-1.2249962942046E+0
6.0243525E+8	-6.4822344064039E-1	-1.2249745921471E+0
6.024355E+8	-6.4859812823975E-1	-1.2245833958953E+0
6.0243575E+8	-6.4918115697387E-1	-1.2244137124635E+0
6.02436E+8	-6.4987857532124E-1	-1.2242355219067E+0
6.0243625E+8	-6.5062650914741E-1	-1.2239566234423E+0
6.024365E+8	-6.514166195469E-1	-1.2236689950481E+0
6.0243675E+8	-6.519538705959E-1	-1.2235093919587E+0
6.02437E+8	-6.5249852846779E-1	-1.22305841843E+0
6.0243725E+8	-6.5318910379227E-1	-1.2228679377686E+0
6.024375E+8	-6.536628308208E-1	-1.2225516597492E+0
6.0243775E+8	-6.5461939222474E-1	-1.2225046454498E+0
6.02438E+8	-6.555054274563E-1	-1.2223014654704E+0
6.0243825E+8	-6.5614946123775E-1	-1.2220996859168E+0
6.024385E+8	-6.5665997225763E-1	-1.2219346993717E+0
6.0243875E+8	-6.5750464480475E-1	-1.2216045216721E+0
6.02439E+8	-6.5808143524412E-1	-1.2214672935681E+0
6.0243925E+8	-6.5887647892312E-1	-1.2211282995515E+0
6.024395E+8	-6.5949605974068E-1	-1.220824879989E+0
6.0243975E+8	-6.6033221601765E-1	-1.2206252147194E+0
6.0244E+8	-6.6082230713924E-1	-1.2203322756143E+0
6.0244025E+8	-6.6158921037531E-1	-1.2200266008187E+0
6.024405E+8	-6.6245474383619E-1	-1.2200221130927E+0
6.0244075E+8	-6.6305326818151E-1	-1.2195652650418E+0
6.02441E+8	-6.6381954394344E-1	-1.2191851858025E+0
6.0244125E+8	-6.6459225803453E-1	-1.2189966011666E+0
6.024415E+8	-6.6530675427922E-1	-1.2187777800638E+0
6.0244175E+8	-6.6575328658376E-1	-1.2185586088539E+0
6.02442E+8	-6.6657021877008E-1	-1.2181827854467E+0
6.0244225E+8	-6.6735786469601E-1	-1.2179070242989E+0
6.024425E+8	-6.6803047537098E-1	-1.2176127029559E+0
6.0244275E+8	-6.6879117212391E-1	-1.217453249912E+0
6.02443E+8	-6.6944105309732E-1	-1.216993391852E+0
6.0244325E+8	-6.7027068006493E-1	-1.216643953744E+0
6.024435E+8	-6.7101871384366E-1	-1.2163118663666E+0
6.0244375E+8	-6.7164200938318E-1	-1.2161292199048E+0
6.02444E+8	-6.7271022309292E-1	-1.2157803728844E+0
6.0244425E+8	-6.7342174112159E-1	-1.2155310515941E+0
6.024445E+8	-6.7411731789353E-1	-1.2151174985271E+0
6.0244475E+8	-6.7493475473977E-1	-1.2150265026644E+0
6.02445E+8	-6.7565998151121E-1	-1.2145926070469E+0
6.0244525E+8	-6.7624971675729E-1	-1.2143915231553E+0
6.024455E+8	-6.7727539466703E-1	-1.2139895281486E+0
6.0244575E+8	-6.7794920567658E-1	-1.2138420150967E+0
6.02446E+8	-6.7877398566174E-1	-1.2134081331183E+0
6.0244625E+8	-6.7957106624479E-1	-1.2131509821693E+0
6.024465E+8	-6.8046353968726E-1	-1.212945819761E+0
6.0244675E+8	-6.8112995750572E-1	-1.2126119409285E+0
6.02447E+8	-6.8210627935913E-1	-1.2122920981807E+0
6.0244725E+8	-6.8288368572576E-1	-1.2119506306775E+0
6.024475E+8	-6.8378553020224E-1	-1.2115629627518E+0
6.0244775E+8	-6.845389382977E-1	-1.2111989292909E+0
6.02448E+8	-6.8519644883514E-1	-1.2109400823698E+0
6.0244825E+8	-6.8609537422727E-1	-1.2108433302139E+0
6.024485E+8	-6.8676793481089E-1	-1.2103394678554E+0
6.0244875E+8	-6.8764179797916E-1	-1.2099323394651E+0
6.02449E+8	-6.8840645495754E-1	-1.2095115705563E+0
6.0244925E+8	-6.8925607432638E-1	-1.2091867899419E+0
6.024495E+8	-6.9031410298219E-1	-1.2090685676168E+0
6.0244975E+8	-6.9116637770267E-1	-1.2087182064955E+0
6.0245E+8	-6.9180715126222E-1	-1.208461814865E+0
6.0245025E+8	-6.9282301244788E-1	-1.2080919023335E+0
6.024505E+8	-6.9364177689055E-1	-1.2076203134264E+0
6.0245075E+8	-6.947375079791E-1	-1.2071978258143E+0
6.02451E+8	-6.9543438052584E-1	-1.2069587849156E+0
6.0245125E+8	-6.9617607135011E-1	-1.2067269507559E+0
6.024515E+8	-6.9714329488836E-1	-1.2061468788447E+0
6.0245175E+8	-6.9795577101167E-1	-1.205872004317E+0
6.02452E+8	-6.9881994934813E-1	-1.2054484527416E+0
6.0245225E+8	-6.9994607153158E-1	-1.2051025475197E+0
6.024525E+8	-7.0083241118149E-1	-1.2044898338524E+0
6.0245275E+8	-7.0158875192846E-1	-1.2043296260236E+0
6.02453E+8	-7.0252932181259E-1	-1.2038864639386E+0
6.0245325E+8	-7.0336848336902E-1	-1.2035629291503E+0
6.024535E+8	-7.0422425909189E-1	-1.2031088592006E+0
6.0245375E+8	-7.0505205352524E-1	-1.2028164429706E+0
6.02454E+8	-7.0604012430954E-1	-1.2024056816468E+0
6.0245425E+8	-7.0684887653291E-1	-1.201805276271E+0
6.024545E+8	-7.0781623641566E-1	-1.201417349164E+0
6.0245475E+8	-7.0886126099196E-1	-1.2012573641322E+0
6.02455E+8	-7.0982277816744E-1	-1.2006807569E+0
6.0245525E+8	-7.1055289265728E-1	-1.2002523765749E+0
6.024555E+8	-7.116811790777E-1	-1.1996959436638E+0
6.0245575E+8	-7.124759315383E-1	-1.1993969754376E+0
6.02456E+8	-7.1349479352912E-1	-1.1989702819892E+0
6.0245625E+8	-7.1448006795473E-1	-1.1986412091531E+0
6.024565E+8	-7.1550939677394E-1	-1.1981019450957E+0
6.0245675E+8	-7.1620988399573E-1	-1.1975740435818E+0
6.02457E+8	-7.171854236031E-1	-1.1972242553499E+0
6.0245725E+8	-7.1826046186783E-1	-1.1967694260693E+0
6.024575E+8	-7.1931757644312E-1	-1.1965469720246E+0
6.0245775E+8	-7.2015675611255E-1	-1.1961739221705E+0
6.02458E+8	-7.2110510556177E-1	-1.1954141955816E+0
6.0245825E+8	-7.2217802951327E-1	-1.1950086176458E+0
6.024585E+8	-7.2335933210036E-1	-1.1946573653266E+0
6.0245875E+8	-7.2422689770557E-1	-1.1941230891442E+0
6.02459E+8	-7.2522320272702E-1	-1.1936350088299E+0
6.0245925E+8	-7.2618943035879E-1	-1.1932446764417E+0
6.024595E+8	-7.2729257703841E-1	-1.1921242445021E+0
6.0245975E+8	-7.2805433309542E-1	-1.1920306025248E+0
6.0246E+8	-7.2931779715222E-1	-1.191675567238E+0
6.0246025E+8	-7.3035825657441E-1	-1.1911568457764E+0
6.024605E+8	-7.3135403867879E-1	-1.1909176957431E+0
6.0246075E+8	-7.3247179902242E-1	-1.1901001379158E+0
6.02461E+8	-7.3332785197936E-1	-1.1897111240978E+0
6.0246125E+8	-7.3463092358253E-1	-1.1893039502177E+0
6.024615E+8	-7.3569502658006E-1	-1.1888116367951E+0
6.0246175E+8	-7.3669790627587E-1	-1.1882528622401E+0
6.02462E+8	-7.3776630602794E-1	-1.1878210035693E+0
6.0246225E+8	-7.3902128557572E-1	-1.1872067393603E+0
6.024625E+8	-7.39989450129E-1	-1.1864985375641E+0
6.0246275E+8	-7.4102578095133E-1	-1.1859213574035E+0
6.02463E+8	-7.4215904144281E-1	-1.1855912524215E+0
6.0246325E+8	-7.4323260184127E-1	-1.1850057697315E+0
6.024635E+8	-7.4446721150774E-1	-1.1844547066056E+0
6.0246375E+8	-7.4559997637082E-1	-1.1836919699847E+0
6.02464E+8	-7.4683475426362E-1	-1.1832310433787E+0
6.0246425E+8	-7.4795936207213E-1	-1.1827428857537E+0
6.024645E+8	-7.4905158268657E-1	-1.1821261890196E+0
6.0246475E+8	-7.5015522952396E-1	-1.181459963577E+0
6.02465E+8	-7.5139075761528E-1	-1.1807955114039E+0
6.0246525E+8	-7.5220905802624E-1	-1.1801770595825E+0
6.024655E+8	-7.5343962549961E-1	-1.1796434290257E+0
6.0246575E+8	-7.5473302128473E-1	-1.1790376856181E+0
6.02466E+8	-7.5574453989475E-1	-1.1784881183924E+0
6.0246625E+8	-7.5693107114468E-1	-1.1777306015294E+0
6.024665E+8	-7.5815233573688E-1	-1.1772964694281E+0
6.0246675E+8	-7.59399949307E-1	-1.1766519278457E+0
6.02467E+8	-7.6069913772362E-1	-1.1759117980878E+0
6.0246725E+8	-7.6194511894832E-1	-1.1753826961753E+0
6.024675E+8	-7.6318865396545E-1	-1.1746437213061E+0
6.0246775E+8	-7.6453402922074E-1	-1.1739387476974E+0
6.02468E+8	-7.6559847306687E-1	-1.1733550746321E+0
6.0246825E+8	-7.6709197544391E-1	-1.1726630049442E+0
6.024685E+8	-7.6817046903122E-1	-1.1718634298109E+0
6.0246875E+8	-7.6949363291054E-1	-1.1711112554656E+0
6.02469E+8	-7.7061545791905E-1	-1.1705071352625E+0
6.0246925E+8	-7.7190332917346E-1	-1.1697496456598E+0
6.024695E+8	-7.7334224661687E-1	-1.1689917286527E+0
6.0246975E+8	-7.7463395993931E-1	-1.1683780873682E+0
6.0247E+8	-7.7591351953571E-1	-1.1677970605552E+0
6.0247025E+8	-7.7712437173928E-1	-1.1669566775369E+0
6.024705E+8	-7.7857167353251E-1	-1.1661464536978E+0
6.0247075E+8	-7.7987685457805E-1	-1.1655990234655E+0
6.02471E+8	-7.8110846310707E-1	-1.1647170414197E+0
6.0247125E+8	-7.8233621590566E-1	-1.1640131954023E+0
6.024715E+8	-7.8388969104659E-1	-1.1632658270473E+0
6.0247175E+8	-7.8526904928316E-1	-1.1624622461265E+0
6.02472E+8	-7.8661180995575E-1	-1.1616508400977E+0
6.0247225E+8	-7.8794201678113E-1	-1.1607525167044E+0
6.024725E+8	-7.8936646605322E-1	-1.1600560092749E+0
6.0247275E+8	-7.9086860271314E-1	-1.1591417446629E+0
6.02473E+8	-7.9224485995793E-1	-1.1582865480225E+0
6.0247325E+8	-7.9349911624492E-1	-1.1573106100906E+0
6.024735E+8	-7.9504345214688E-1	-1.1565736266994E+0
6.0247375E+8	-7.9646291803098E-1	-1.1556077145363E+0
6.02474E+8	-7.9812323936478E-1	-1.1547603429964E+0
6.0247425E+8	-7.9941882644039E-1	-1.1539706435535E+0
6.024745E+8	-8.0061059539938E-1	-1.1532387026016E+0
6.0247475E+8	-8.0216036017468E-1	-1.1520604166967E+0
6.02475E+8	-8.0372878973186E-1	-1.1511699183837E+0
6.0247525E+8	-8.0518262970921E-1	-1.1500884346711E+0
6.024755E+8	-8.0654234543381E-1	-1.1492941110836E+0
6.0247575E+8	-8.0834027240034E-1	-1.1483853481134E+0
6.02476E+8	-8.096411246578E-1	-1.1472688628258E+0
6.0247625E+8	-8.1144553539349E-1	-1.1463735221137E+0
6.024765E+8	-8.1289651079967E-1	-1.1456416084244E+0
6.0247675E+8	-8.1457330977348E-1	-1.1442563731374E+0
6.02477E+8	-8.1596009734826E-1	-1.1434164492889E+0
6.0247725E+8	-8.176880255682E-1	-1.1424810418296E+0
6.024775E+8	-8.1935473501689E-1	-1.1413105536331E+0
6.0247775E+8	-8.2060414878682E-1	-1.1402748293485E+0
6.02478E+8	-8.2232768016571E-1	-1.139237627255E+0
6.0247825E+8	-8.2394896664166E-1	-1.1381468997773E+0
6.024785E+8	-8.2574852577933E-1	-1.1370597688375E+0
6.0247875E+8	-8.2707612701078E-1	-1.1358325225183E+0
6.02479E+8	-8.2894787636468E-1	-1.1347934653051E+0
6.0247925E+8	-8.3060906134627E-1	-1.1336276785933E+0
6.024795E+8	-8.3236525262631E-1	-1.1325273663557E+0
6.0247975E+8	-8.3383147345167E-1	-1.1313515856849E+0
6.0248E+8	-8.3553552603875E-1	-1.1301815021996E+0
6.0248025E+8	-8.3718842662681E-1	-1.1288312138481E+0
6.024805E+8	-8.39137485879E-1	-1.127787627956E+0
6.0248075E+8	-8.4080641405568E-1	-1.1263693870887E+0
6.02481E+8	-8.4245263982859E-1	-1.1251327014871E+0
6.0248125E+8	-8.4429218829934E-1	-1.1239552157252E+0
6.024815E+8	-8.4608804612928E-1	-1.1229596580755E+0
6.0248175E+8	-8.4786448893037E-1	-1.1213288251814E+0
6.02482E+8	-8.4961967066728E-1	-1.120214267653E+0
6.0248225E+8	-8.5159528791924E-1	-1.1188104811568E+0
6.024825E+8	-8.5334062116033E-1	-1.1174398320061E+0
6.0248275E+8	-8.551438948246E-1	-1.1160241373252E+0
6.02483E+8	-8.5684208181838E-1	-1.1145331424224E+0
6.0248325E+8	-8.5867981142974E-1	-1.1132245348799E+0
6.024835E+8	-8.6078768718429E-1	-1.1118353709749E+0
6.0248375E+8	-8.6256064697748E-1	-1.1104366177835E+0
6.02484E+8	-8.6439891306839E-1	-1.1088154377666E+0
6.0248425E+8	-8.6643147030501E-1	-1.1075004737141E+0
6.024845E+8	-8.6862263507338E-1	-1.1059891589525E+0
6.0248475E+8	-8.7050084058348E-1	-1.1042631515348E+0
6.02485E+8	-8.7234740004915E-1	-1.1028611109434E+0
6.0248525E+8	-8.7428302761251E-1	-1.101146538806E+0
6.024855E+8	-8.762321183654E-1	-1.099638597767E+0
6.0248575E+8	-8.7832870869032E-1	-1.0980896669668E+0
6.02486E+8	-8.8044284071734E-1	-1.0965441099132E+0
6.0248625E+8	-8.8253412938399E-1	-1.0948679085169E+0
6.024865E+8	-8.8450591335512E-1	-1.0928456880868E+0
6.0248675E+8	-8.8665057737631E-1	-1.0914854192538E+0
6.02487E+8	-8.8881585675635E-1	-1.0892248853083E+0
6.0248725E+8	-8.9073194639592E-1	-1.0876867986687E+0
6.024875E+8	-8.9291422639197E-1	-1.0858511759327E+0
6.0248775E+8	-8.9493610284306E-1	-1.083763362736E+0
6.02488E+8	-8.9704771121551E-1	-1.0818532036411E+0
6.0248825E+8	-8.9920734786605E-1	-1.0800542556791E+0
6.024885E+8	-9.0155657420128E-1	-1.0781389495338E+0
6.0248875E+8	-9.0378940588385E-1	-1.075997824588E+0
6.02489E+8	-9.060085060844E-1	-1.0739379561961E+0
6.0248925E+8	-9.0814063425622E-1	-1.0719486001792E+0
6.024895E+8	-9.1025600274763E-1	-1.0696814868043E+0
6.0248975E+8	-9.1249874646645E-1	-1.0678074658956E+0
6.0249E+8	-9.1484291657458E-1	-1.0656186627081E+0
6.0249025E+8	-9.1734228858666E-1	-1.0633273237216E+0
6.024905E+8	-9.195063582209E-1	-1.0610123684281E+0
6.0249075E+8	-9.2168314535712E-1	-1.0587588409219E+0
6.02491E+8	-9.2419706263657E-1	-1.0563244310171E+0
6.0249125E+8	-9.2684872647986E-1	-1.0540956882968E+0
6.024915E+8	-9.2910917089689E-1	-1.0517111299038E+0
6.0249175E+8	-9.314135059527E-1	-1.0493675976233E+0
6.02492E+8	-9.3400930266527E-1	-1.0468509853113E+0
6.0249225E+8	-9.3651974147967E-1	-1.044207788944E+0
6.024925E+8	-9.3892020125602E-1	-1.0419899630883E+0
6.0249275E+8	-9.4129122020757E-1	-1.0393143840814E+0
6.02493E+8	-9.438503965488E-1	-1.036277549495E+0
6.0249325E+8	-9.4611613332014E-1	-1.0339437382291E+0
6.024935E+8	-9.4892730467325E-1	-1.0308109697968E+0
6.0249375E+8	-9.5159651904839E-1	-1.0283813792889E+0
6.02494E+8	-9.5410698951417E-1	-1.0252764420039E+0
6.0249425E+8	-9.5682442763379E-1	-1.0224354442248E+0
6.024945E+8	-9.5931516474698E-1	-1.0194744780272E+0
6.0249475E+8	-9.6194433042417E-1	-1.0162110104933E+0
6.02495E+8	-9.6482062600909E-1	-1.0134479545626E+0
6.0249525E+8	-9.6731262706581E-1	-1.0103310452654E+0
6.024955E+8	-9.7031186462891E-1	-1.0068792110985E+0
6.0249575E+8	-9.7289287914353E-1	-1.0035800188813E+0
6.02496E+8	-9.7564071269087E-1	-1.0003471241032E+0
6.0249625E+8	-9.7842899945552E-1	-9.9670170350608E-1
6.024965E+8	-9.8129018569358E-1	-9.9331993142441E-1
6.0249675E+8	-9.8401007426355E-1	-9.8963870435366E-1
6.02497E+8	-9.8678600717019E-1	-9.8614692591176E-1
6.0249725E+8	-9.8980754675496E-1	-9.8235626535829E-1
6.024975E+8	-9.9289840744697E-1	-9.7848591226537E-1
6.0249775E+8	-9.9568895834233E-1	-9.748890288791E-1
6.02498E+8	-9.9867403671238E-1	-9.7075098038537E-1
6.0249825E+8	-1.0015339859805E+0	-9.6660331525103E-1
6.024985E+8	-1.0044683351732E+0	-9.6242259905145E-1
6.0249875E+8	-1.0075480422878E+0	-9.5821767084937E-1
6.02499E+8	-1.0104446298996E+0	-9.5370581711998E-1
6.0249925E+8	-1.0131218415149E+0	-9.493157777456E-1
6.024995E+8	-1.0163508895072E+0	-9.4492812993471E-1
6.0249975E+8	-1.0193963269434E+0	-9.4022540407513E-1
6.025E+8	-1.0224555139883E+0	-9.3546272802048E-1
6.0250025E+8	-1.0255638978115E+0	-9.3052199297489E-1
6.025005E+8	-1.0286791564252E+0	-9.2556602590897E-1
6.0250075E+8	-1.03175595327E+0	-9.2030541575321E-1
6.02501E+8	-1.0348657601548E+0	-9.153386406323E-1
6.0250125E+8	-1.0381866495013E+0	-9.0949511593457E-1
6.025015E+8	-1.0408459872104E+0	-9.043531962003E-1
6.0250175E+8	-1.044176411213E+0	-8.9848326771039E-1
6.02502E+8	-1.0472633291521E+0	-8.9271293311012E-1
6.0250225E+8	-1.0505664583986E+0	-8.8677432426053E-1
6.025025E+8	-1.0535808405256E+0	-8.8083327814722E-1
6.0250275E+8	-1.0566935162109E+0	-8.7442056508204E-1
6.02503E+8	-1.0598405205012E+0	-8.677170766456E-1
6.0250325E+8	-1.0630499346802E+0	-8.6134053789914E-1
6.025035E+8	-1.0661822616985E+0	-8.5445530718467E-1
6.0250375E+8	-1.0687773739165E+0	-8.4684754077609E-1
6.02504E+8	-1.0720955449588E+0	-8.4032549892819E-1
6.0250425E+8	-1.0753663231467E+0	-8.3293312163564E-1
6.025045E+8	-1.0787675410264E+0	-8.2515358940481E-1
6.0250475E+8	-1.0816547250209E+0	-8.1736292620023E-1
6.02505E+8	-1.0847541554528E+0	-8.0930996888053E-1
6.0250525E+8	-1.087912212797E+0	-8.0071156264759E-1
6.025055E+8	-1.0906701664274E+0	-7.9227866576107E-1
6.0250575E+8	-1.0937997604949E+0	-7.8295269057759E-1
6.02506E+8	-1.0966529157961E+0	-7.7409128485549E-1
6.0250625E+8	-1.0993867574544E+0	-7.6451327288954E-1
6.025065E+8	-1.1022055431413E+0	-7.5445399045605E-1
6.0250675E+8	-1.1045695630486E+0	-7.445577392304E-1
6.02507E+8	-1.1072259355923E+0	-7.3377138774545E-1
6.0250725E+8	-1.1098656257615E+0	-7.2321947109871E-1
6.025075E+8	-1.1122798517987E+0	-7.1225298601067E-1
6.0250775E+8	-1.1142899911423E+0	-7.0056543397005E-1
6.02508E+8	-1.1164450200433E+0	-6.887847754137E-1
6.0250825E+8	-1.1185513250009E+0	-6.7609792935405E-1
6.025085E+8	-1.1203862018472E+0	-6.6335177331069E-1
6.0250875E+8	-1.1219199915665E+0	-6.4952221606503E-1
6.02509E+8	-1.1230971954314E+0	-6.3590025321536E-1
6.0250925E+8	-1.1241089398307E+0	-6.2129712475593E-1
6.025095E+8	-1.1250023663841E+0	-6.0611544030662E-1
6.0250975E+8	-1.1254269183637E+0	-5.9043974383879E-1
6.0251E+8	-1.1253875563809E+0	-5.7447155153637E-1
6.0251025E+8	-1.1250541957978E+0	-5.5779697259837E-1
6.025105E+8	-1.1242948146045E+0	-5.4026758402499E-1
6.0251075E+8	-1.1229407023322E+0	-5.2200460446004E-1
6.02511E+8	-1.1208777469659E+0	-5.022421117437E-1
6.0251125E+8	-1.118222647658E+0	-4.8258278473374E-1
6.025115E+8	-1.114886168132E+0	-4.6129812789652E-1
6.0251175E+8	-1.1105069437713E+0	-4.3959690339686E-1
6.02512E+8	-1.1055285096155E+0	-4.1892728454614E-1
6.0251225E+8	-1.0987606804284E+0	-3.9421044746414E-1
6.025125E+8	-1.0916279717799E+0	-3.7113327544758E-1
6.0251275E+8	-1.0826754495487E+0	-3.462402758481E-1
6.02513E+8	-1.0737134650834E+0	-3.2325903478058E-1
6.0251325E+8	-1.0613926842898E+0	-2.9654385948725E-1
6.025135E+8	-1.0491832096128E+0	-2.7193119241462E-1
6.0251375E+8	-1.0347433728195E+0	-2.4601929177103E-1
6.02514E+8	-1.0182967008052E+0	-2.1905948917214E-1
6.0251425E+8	-1.0013013604473E+0	-1.9429690208299E-1
6.025145E+8	-9.820449384966E-1	-1.6890203705736E-1
6.0251475E+8	-9.6154193480585E-1	-1.4447890910294E-1
6.02515E+8	-9.3999015032386E-1	-1.2080390848384E-1
6.0251525E+8	-9.1756882577035E-1	-9.8848350621882E-2
6.025155E+8	-8.9562277145659E-1	-7.8911497487929E-2
6.0251575E+8	-8.7147773883249E-1	-5.9254728044717E-2
6.02516E+8	-8.4560585274527E-1	-3.9976954870783E-2
6.0251625E+8	-8.2220396495221E-1	-2.399898228324E-2
6.025165E+8	-7.9636473777367E-1	-8.2139992007764E-3
6.0251675E+8	-7.7284323926182E-1	5.0728356222114E-3
6.02517E+8	-7.4776272435792E-1	1.763066781164E-2
6.0251725E+8	-7.2266248211246E-1	2.8965088476978E-2
6.025175E+8	-6.9869460622956E-1	3.873551390209E-2
6.0251775E+8	-6.7494204766358E-1	4.7336439361769E-2
6.02518E+8	-6.5053794538327E-1	5.5105833567685E-2
6.0251825E+8	-6.274072485083E-1	6.1369390664342E-2
6.025185E+8	-6.047710776774E-1	6.6906357913561E-2
6.0251875E+8	-5.8194316309117E-1	7.1824500646722E-2
6.02519E+8	-5.6022782803628E-1	7.5310437807508E-2
6.0251925E+8	-5.3878298236581E-1	7.8313097072364E-2
6.025195E+8	-5.1711998943881E-1	8.0398274752594E-2
6.0251975E+8	-4.9676819681939E-1	8.200807691937E-2
6.0252E+8	-4.7665081006501E-1	8.2699374386134E-2
6.0252025E+8	-4.561395904108E-1	8.289338035643E-2
6.025205E+8	-4.374326234665E-1	8.2594609880411E-2
6.0252075E+8	-4.1825740994836E-1	8.1569571939528E-2
6.02521E+8	-4.0023319410182E-1	8.0091756410268E-2
6.0252125E+8	-3.819868530578E-1	7.8047514218156E-2
6.025215E+8	-3.6453274029577E-1	7.5676256429264E-2
6.0252175E+8	-3.472344053592E-1	7.3349153379961E-2
6.02522E+8	-3.3041352011333E-1	7.018338884455E-2
6.0252225E+8	-3.1401293539132E-1	6.6651378381555E-2
6.025225E+8	-2.976141355927E-1	6.2830327916719E-2
6.0252275E+8	-2.8223067482599E-1	5.8556368210853E-2
6.02523E+8	-2.6769114128041E-1	5.413687240324E-2
6.0252325E+8	-2.5178606575654E-1	4.9190899061163E-2
6.025235E+8	-2.3811812578034E-1	4.4567703787096E-2
6.0252375E+8	-2.230697936373E-1	3.8921990124608E-2
6.02524E+8	-2.0926183457146E-1	3.3589547063156E-2
6.0252425E+8	-1.9585146035559E-1	2.7610540095339E-2
6.025245E+8	-1.8306571981963E-1	2.1999387217296E-2
6.0252475E+8	-1.7001748731193E-1	1.5997650172794E-2
6.02525E+8	-1.5757299052528E-1	9.7983064980851E-3
6.0252525E+8	-1.4529325267591E-1	3.2600076580341E-3
6.025255E+8	-1.3327360785726E-1	-3.2470447012314E-3
6.0252575E+8	-1.2180339138681E-1	-1.0119501287462E-2
6.02526E+8	-1.1038124332696E-1	-1.6997068150332E-2
6.0252625E+8	-9.9470307416826E-2	-2.4203800624376E-2
6.025265E+8	-8.873965376862E-2	-3.1156771924469E-2
6.0252675E+8	-7.8499778791987E-2	-3.8429010235545E-2
6.02527E+8	-6.8022138217675E-2	-4.5773556940254E-2
6.0252725E+8	-5.8131988341955E-2	-5.3381239489518E-2
6.025275E+8	-4.8574040890788E-2	-6.0636339290023E-2
6.0252775E+8	-3.8728575999517E-2	-6.8611857871335E-2
6.02528E+8	-2.9625486561224E-2	-7.6315564216669E-2
6.0252825E+8	-2.0424756982439E-2	-8.4179128815361E-2
6.025285E+8	-1.2054907885605E-2	-9.1891932469894E-2
6.0252875E+8	-3.5096445070121E-3	-9.9873828212013E-2
6.02529E+8	4.3458729938046E-3	-1.076605083414E-1
6.0252925E+8	1.2737603455034E-2	-1.1612849021479E-1
6.025295E+8	2.0626955357499E-2	-1.2430671798287E-1
6.0252975E+8	2.8129955650276E-2	-1.324252585491E-1
6.0253E+8	3.5401243362487E-2	-1.4063748214254E-1
6.0253025E+8	4.2444687801332E-2	-1.4865718190469E-1
6.025305E+8	4.994622546921E-2	-1.5764277592892E-1
6.0253075E+8	5.6305830395728E-2	-1.6581702702031E-1
6.02531E+8	6.2697136484273E-2	-1.7391489483965E-1
6.0253125E+8	6.921964296167E-2	-1.8256198221419E-1
6.025315E+8	7.5521153606393E-2	-1.9098126208755E-1
6.0253175E+8	8.1356210015945E-2	-1.9945648604105E-1
6.02532E+8	8.723291612956E-2	-2.0793621078685E-1
6.0253225E+8	9.2583981220337E-2	-2.1615349470946E-1
6.025325E+8	9.7950828787554E-2	-2.2458327111731E-1
6.0253275E+8	1.0330241730322E-1	-2.3336149565955E-1
6.02533E+8	1.0852742112556E-1	-2.4216886044006E-1
6.0253325E+8	1.1340061988909E-1	-2.5095389500632E-1
6.025335E+8	1.1816267961084E-1	-2.5910590152501E-1
6.0253375E+8	1.2261759362899E-1	-2.6753731205942E-1
6.02534E+8	1.272049582929E-1	-2.7637511579301E-1
6.0253425E+8	1.3125706957802E-1	-2.8454488532648E-1
6.025345E+8	1.3522705081186E-1	-2.9294414343811E-1
6.0253475E+8	1.3926641295213E-1	-3.0135056231907E-1
6.02535E+8	1.430023395205E-1	-3.0998300957065E-1
6.0253525E+8	1.4668530875258E-1	-3.1888713558684E-1
6.025355E+8	1.5040807237217E-1	-3.2702456989747E-1
6.0253575E+8	1.5350938728923E-1	-3.3567966798344E-1
6.02536E+8	1.5651059829205E-1	-3.4363837344768E-1
6.0253625E+8	1.5977949307339E-1	-3.5221554192819E-1
6.025365E+8	1.6258162835496E-1	-3.6025769493137E-1
6.0253675E+8	1.6573531457573E-1	-3.6907693704153E-1
6.02537E+8	1.6798084866542E-1	-3.7703816415226E-1
6.0253725E+8	1.704972175231E-1	-3.8518038750535E-1
6.025375E+8	1.7317892906505E-1	-3.9362807726332E-1
6.0253775E+8	1.7528589722803E-1	-4.0171556919677E-1
6.02538E+8	1.775376334829E-1	-4.0996525151697E-1
6.0253825E+8	1.7935843040091E-1	-4.1834675585393E-1
6.025385E+8	1.8132320420642E-1	-4.2618192783409E-1
6.0253875E+8	1.8323365651264E-1	-4.3455022261534E-1
6.02539E+8	1.8481795226893E-1	-4.4266668027454E-1
6.0253925E+8	1.8623370437352E-1	-4.4989382299557E-1
6.025395E+8	1.8780603277837E-1	-4.5772379173413E-1
6.0253975E+8	1.8916708599127E-1	-4.6558456044783E-1
6.0254E+8	1.905551476734E-1	-4.7383336176821E-1
6.0254025E+8	1.9165237289824E-1	-4.8166116498758E-1
6.025405E+8	1.9267138274133E-1	-4.8954773134428E-1
6.0254075E+8	1.9354104130401E-1	-4.9688553765639E-1
6.02541E+8	1.9446829062414E-1	-5.0479548316182E-1
6.0254125E+8	1.9537817089708E-1	-5.1262126148435E-1
6.025415E+8	1.9570234054874E-1	-5.1988506672313E-1
6.0254175E+8	1.9629194328055E-1	-5.2736240088995E-1
6.02542E+8	1.9673327689547E-1	-5.3513636219145E-1
6.0254225E+8	1.9718025317804E-1	-5.4211095031484E-1
6.025425E+8	1.9759767930384E-1	-5.4949083534818E-1
6.0254275E+8	1.9804315966129E-1	-5.5639062260184E-1
6.02543E+8	1.9804779747804E-1	-5.640436044853E-1
6.0254325E+8	1.9838632618692E-1	-5.7064175307389E-1
6.025435E+8	1.9831529485744E-1	-5.7782595858542E-1
6.0254375E+8	1.9824891043375E-1	-5.853481720726E-1
6.02544E+8	1.9767947308483E-1	-5.9263897329717E-1
6.0254425E+8	1.9743103166702E-1	-5.9964538240598E-1
6.025445E+8	1.9723317883484E-1	-6.0663977846393E-1
6.0254475E+8	1.9662358801372E-1	-6.1348727460855E-1
6.02545E+8	1.9617108727732E-1	-6.2030348818233E-1
6.0254525E+8	1.957505420041E-1	-6.2714834207252E-1
6.025455E+8	1.9521001371348E-1	-6.3399157702153E-1
6.0254575E+8	1.9457266876286E-1	-6.4006575774052E-1
6.02546E+8	1.9382055151361E-1	-6.4667894438931E-1
6.0254625E+8	1.9291659586276E-1	-6.5335853297105E-1
6.025465E+8	1.9203746615793E-1	-6.6007575556773E-1
6.0254675E+8	1.9125482119415E-1	-6.6640795991542E-1
6.02547E+8	1.9030175473455E-1	-6.7265907557461E-1
6.0254725E+8	1.8907999054675E-1	-6.7928583336515E-1
6.025475E+8	1.8813663167548E-1	-6.8521049401132E-1
6.0254775E+8	1.869229564318E-1	-6.9152665620816E-1
6.02548E+8	1.8579207531441E-1	-6.9789963549507E-1
6.0254825E+8	1.8455086868507E-1	-7.0351749260102E-1
6.025485E+8	1.8335006112771E-1	-7.095606569527E-1
6.0254875E+8	1.8201744870776E-1	-7.1530358827546E-1
6.02549E+8	1.8059363503011E-1	-7.2124861309972E-1
6.0254925E+8	1.7922616628666E-1	-7.2710850714678E-1
6.025495E+8	1.7770217586553E-1	-7.3309734048795E-1
6.0254975E+8	1.7636944983975E-1	-7.3836884496874E-1
6.0255E+8	1.7483155965168E-1	-7.4432432684087E-1
6.0255025E+8	1.7315802706101E-1	-7.4989398136161E-1
6.025505E+8	1.7169268235652E-1	-7.5531433549759E-1
6.0255075E+8	1.7003098532351E-1	-7.6075601872982E-1
6.02551E+8	1.6832147338054E-1	-7.6636526215621E-1
6.0255125E+8	1.667948504749E-1	-7.7137345795663E-1
6.025515E+8	1.6502978939312E-1	-7.7705646912041E-1
6.0255175E+8	1.6333308152075E-1	-7.8202889914276E-1
6.02552E+8	1.6146266483111E-1	-7.8722539303133E-1
6.0255225E+8	1.6000219907575E-1	-7.9212410026144E-1
6.025525E+8	1.5801475037405E-1	-7.9731210948774E-1
6.0255275E+8	1.5608266903836E-1	-8.0230607742641E-1
6.02553E+8	1.5435173698795E-1	-8.0729626226598E-1
6.0255325E+8	1.5220908989981E-1	-8.1229049822499E-1
6.025535E+8	1.5045716953126E-1	-8.1684799147047E-1
6.0255375E+8	1.4834707814481E-1	-8.2182246660961E-1
6.02554E+8	1.464684409586E-1	-8.2632161909184E-1
6.0255425E+8	1.4450886487393E-1	-8.3109350482896E-1
6.025545E+8	1.4242494997556E-1	-8.3567149028594E-1
6.0255475E+8	1.4036667039371E-1	-8.4007532243681E-1
6.02555E+8	1.3842937411269E-1	-8.4466737563397E-1
6.0255525E+8	1.3625440360175E-1	-8.4916143061249E-1
6.025555E+8	1.3409697952337E-1	-8.5354948039151E-1
6.0255575E+8	1.3215475001349E-1	-8.5797495515371E-1
6.02556E+8	1.3004644135806E-1	-8.6200430426604E-1
6.0255625E+8	1.2797064291136E-1	-8.6620139090163E-1
6.025565E+8	1.2559569652612E-1	-8.7059185925548E-1
6.0255675E+8	1.2347689382035E-1	-8.7458276003063E-1
6.02557E+8	1.2142921791952E-1	-8.7876131350373E-1
6.0255725E+8	1.1940110725026E-1	-8.8275849787115E-1
6.025575E+8	1.1704978206954E-1	-8.8668028640977E-1
6.0255775E+8	1.1470425873198E-1	-8.9061269631548E-1
6.02558E+8	1.1267246978744E-1	-8.9444727627127E-1
6.0255825E+8	1.1026025300942E-1	-8.9849557596393E-1
6.025585E+8	1.0806597703942E-1	-9.0234600154775E-1
6.0255875E+8	1.0628078791553E-1	-9.0564112116758E-1
6.02559E+8	1.038668525572E-1	-9.0955161950163E-1
6.0255925E+8	1.0193048905215E-1	-9.1305109231217E-1
6.025595E+8	9.9472781035648E-2	-9.1678735552463E-1
6.0255975E+8	9.715556238392E-2	-9.2047821390869E-1
6.0256E+8	9.4972030958899E-2	-9.2390979764826E-1
6.0256025E+8	9.2728317144348E-2	-9.2724067787771E-1
6.025605E+8	9.0425471301726E-2	-9.3099650138415E-1
6.0256075E+8	8.8275441367184E-2	-9.3397171388588E-1
6.02561E+8	8.6034082983256E-2	-9.3747384622372E-1
6.0256125E+8	8.3828863177782E-2	-9.404785039965E-1
6.025615E+8	8.1396322513097E-2	-9.4383081326217E-1
6.0256175E+8	7.9346169361377E-2	-9.4701906787209E-1
6.02562E+8	7.6998705362367E-2	-9.5018025963634E-1
6.0256225E+8	7.4890106778236E-2	-9.5337608466571E-1
6.025625E+8	7.2619694147767E-2	-9.5639192292212E-1
6.0256275E+8	7.0341188129296E-2	-9.5947348573553E-1
6.02563E+8	6.8285360689459E-2	-9.623652951725E-1
6.0256325E+8	6.6071879584584E-2	-9.6544725802605E-1
6.025635E+8	6.3727407687245E-2	-9.6839259735986E-1
6.0256375E+8	6.1398695297769E-2	-9.7137356569969E-1
6.02564E+8	5.9123599665218E-2	-9.7422348494514E-1
6.0256425E+8	5.707803017759E-2	-9.7700832067321E-1
6.025645E+8	5.4788661997168E-2	-9.7967644350455E-1
6.0256475E+8	5.2560549338558E-2	-9.8229745648494E-1
6.02565E+8	5.0228868076104E-2	-9.8512140404648E-1
6.0256525E+8	4.8163297049198E-2	-9.8787478915185E-1
6.025655E+8	4.5881299545359E-2	-9.9040074124149E-1
6.0256575E+8	4.3700883747559E-2	-9.9301161010485E-1
6.02566E+8	4.1682468453477E-2	-9.9567266242381E-1
6.0256625E+8	3.9385780139169E-2	-9.9815877047316E-1
6.025665E+8	3.7289176925139E-2	-1.0007507789666E+0
6.0256675E+8	3.5077828916716E-2	-1.0030649254393E+0
6.02567E+8	3.2919997642569E-2	-1.005500649869E+0
6.0256725E+8	3.0662553532315E-2	-1.0078906876207E+0
6.025675E+8	2.8642797162303E-2	-1.010367197169E+0
6.0256775E+8	2.6442552779748E-2	-1.0127572621547E+0
6.02568E+8	2.4581177617826E-2	-1.0148807367634E+0
6.0256825E+8	2.188152781302E-2	-1.0174850670197E+0
6.025685E+8	2.0104747234289E-2	-1.0196920715956E+0
6.0256875E+8	1.777078867147E-2	-1.0220473486225E+0
6.02569E+8	1.5728161767229E-2	-1.0241492120266E+0
6.0256925E+8	1.388428768374E-2	-1.026151977018E+0
6.025695E+8	1.1557472369293E-2	-1.0284116202907E+0
6.0256975E+8	9.6563123368141E-3	-1.0303695170393E+0
6.0257E+8	7.5373208925412E-3	-1.0324157679695E+0
6.0257025E+8	5.4763748314206E-3	-1.0345310399187E+0
6.025705E+8	3.3661225603936E-3	-1.0364616192013E+0
6.0257075E+8	1.5798347706698E-3	-1.0386302892098E+0
6.02571E+8	-8.1768864814996E-4	-1.0407289333185E+0
6.0257125E+8	-2.5877394975548E-3	-1.0423323855932E+0
6.025715E+8	-4.4589035809666E-3	-1.0443881484234E+0
6.0257175E+8	-6.6340758883986E-3	-1.0465722412533E+0
6.02572E+8	-8.7268907025603E-3	-1.0483895040991E+0
6.0257225E+8	-1.0562002568883E-2	-1.0500654056804E+0
6.025725E+8	-1.2995682448206E-2	-1.0521005303433E+0
6.0257275E+8	-1.4726680039549E-2	-1.0536986127354E+0
6.02573E+8	-1.6435825364671E-2	-1.0554243658381E+0
6.0257325E+8	-1.8517381936025E-2	-1.0572946175011E+0
6.025735E+8	-2.0479433147623E-2	-1.0589503037786E+0
6.0257375E+8	-2.2356212333227E-2	-1.0606407506354E+0
6.02574E+8	-2.4324197120902E-2	-1.0623627434563E+0
6.0257425E+8	-2.643510814421E-2	-1.063859463093E+0
6.025745E+8	-2.8252250508024E-2	-1.0657236946815E+0
6.0257475E+8	-3.0109628103022E-2	-1.0672006355455E+0
6.02575E+8	-3.1936409758411E-2	-1.0685908818089E+0
6.0257525E+8	-3.3916479970261E-2	-1.0704150329746E+0
6.025755E+8	-3.56840659037E-2	-1.0719122527162E+0
6.0257575E+8	-3.7508032964094E-2	-1.073579751598E+0
6.02576E+8	-3.9460039818321E-2	-1.074973653489E+0
6.0257625E+8	-4.1425791802845E-2	-1.0766211644405E+0
6.025765E+8	-4.3325987025086E-2	-1.0780684416665E+0
6.0257675E+8	-4.5076449318931E-2	-1.0799081065931E+0
6.02577E+8	-4.7000501893951E-2	-1.0812629192733E+0
6.0257725E+8	-4.8703290207288E-2	-1.0826454176511E+0
6.025775E+8	-5.0573716972661E-2	-1.0839491647628E+0
6.0257775E+8	-5.2420181709105E-2	-1.0854490352395E+0
6.02578E+8	-5.4158599206461E-2	-1.0867810227611E+0
6.0257825E+8	-5.5953311451159E-2	-1.088218415105E+0
6.025785E+8	-5.7697107832347E-2	-1.0893050324257E+0
6.0257875E+8	-5.9351067196134E-2	-1.0906478050338E+0
6.02579E+8	-6.1169623126615E-2	-1.0918560730264E+0
6.0257925E+8	-6.2683416156597E-2	-1.0930247289535E+0
6.025795E+8	-6.4347310353371E-2	-1.0943256706245E+0
6.0257975E+8	-6.613665712837E-2	-1.0958325568225E+0
6.0258E+8	-6.778465543669E-2	-1.0967980963313E+0
6.0258025E+8	-6.9582459327574E-2	-1.0979740271783E+0
6.025805E+8	-7.1335772110005E-2	-1.0994963953498E+0
6.0258075E+8	-7.2981196812626E-2	-1.1007358864523E+0
6.02581E+8	-7.4775144897716E-2	-1.1020620766829E+0
6.0258125E+8	-7.6599738820425E-2	-1.1032275270533E+0
6.025815E+8	-7.8339278999098E-2	-1.1042550763259E+0
6.0258175E+8	-7.9872355124838E-2	-1.1053989928542E+0
6.02582E+8	-8.1434049158886E-2	-1.1065883959579E+0
6.0258225E+8	-8.2930600219991E-2	-1.1076541386719E+0
6.025825E+8	-8.465454459823E-2	-1.1088798028017E+0
6.0258275E+8	-8.6197546402124E-2	-1.1098376581079E+0
6.02583E+8	-8.7894104956405E-2	-1.1109867079958E+0
6.0258325E+8	-8.9606809416637E-2	-1.1119507197151E+0
6.025835E+8	-9.101589685673E-2	-1.1131168975355E+0
6.0258375E+8	-9.275776031097E-2	-1.1140190995238E+0
6.02584E+8	-9.4292986877295E-2	-1.1151439101946E+0
6.0258425E+8	-9.5520113245789E-2	-1.1158959800991E+0
6.025845E+8	-9.7364076495565E-2	-1.1170416243789E+0
6.0258475E+8	-9.878277138882E-2	-1.1181895420784E+0
6.02585E+8	-1.004149143184E-1	-1.1190341310498E+0
6.0258525E+8	-1.016384076654E-1	-1.1199465906814E+0
6.025855E+8	-1.0339993162964E-1	-1.1207709098429E+0
6.0258575E+8	-1.0489382249622E-1	-1.1217994911921E+0
6.02586E+8	-1.0647542692715E-1	-1.1227483164356E+0
6.0258625E+8	-1.0805961395924E-1	-1.1237833042766E+0
6.025865E+8	-1.0934423530807E-1	-1.1247106456989E+0
6.0258675E+8	-1.1112371471746E-1	-1.1253688915632E+0
6.02587E+8	-1.1240345723294E-1	-1.1263747386974E+0
6.0258725E+8	-1.138625963046E-1	-1.1271994625099E+0
6.025875E+8	-1.1503049955394E-1	-1.1281616418053E+0
6.0258775E+8	-1.1686872892671E-1	-1.1290416460734E+0
6.02588E+8	-1.1805064103895E-1	-1.1297785340509E+0
6.0258825E+8	-1.1957145371653E-1	-1.1306616438102E+0
6.025885E+8	-1.2092418242E-1	-1.131630666077E+0
6.0258875E+8	-1.2250061686282E-1	-1.1324164871292E+0
6.02589E+8	-1.2378108677038E-1	-1.1332518096052E+0
6.0258925E+8	-1.2516890357727E-1	-1.1338150583472E+0
6.025895E+8	-1.2660280285448E-1	-1.1347630196561E+0
6.0258975E+8	-1.2802422096466E-1	-1.1354976569303E+0
6.0259E+8	-1.2925025118833E-1	-1.1363494207601E+0
6.0259025E+8	-1.3072359447262E-1	-1.1371926229008E+0
6.025905E+8	-1.3200652414509E-1	-1.1379677906942E+0
6.0259075E+8	-1.3332607423429E-1	-1.1386940481315E+0
6.02591E+8	-1.3452674655362E-1	-1.1392913208564E+0
6.0259125E+8	-1.3595944989604E-1	-1.1403106993418E+0
6.025915E+8	-1.3739280341872E-1	-1.1408937177272E+0
6.0259175E+8	-1.3868459940177E-1	-1.1414968967861E+0
6.02592E+8	-1.4004481657087E-1	-1.1421986285756E+0
6.0259225E+8	-1.4133095623255E-1	-1.1430538889083E+0
6.025925E+8	-1.4243053803632E-1	-1.1437790278228E+0
6.0259275E+8	-1.4417224162645E-1	-1.1444600669408E+0
6.02593E+8	-1.4503384508538E-1	-1.1452925248778E+0
6.0259325E+8	-1.4631757030384E-1	-1.1458361267054E+0
6.025935E+8	-1.4757144080462E-1	-1.1463211652534E+0
6.0259375E+8	-1.4897688099889E-1	-1.1470281940976E+0
6.02594E+8	-1.5026171105537E-1	-1.1477431980945E+0
6.0259425E+8	-1.5151348541826E-1	-1.1483810922524E+0
6.025945E+8	-1.5281156955786E-1	-1.1490130891677E+0
6.0259475E+8	-1.5407161463297E-1	-1.1495024062839E+0
6.02595E+8	-1.5515732838594E-1	-1.1501566645124E+0
6.0259525E+8	-1.5646550653634E-1	-1.1508017563133E+0
6.025955E+8	-1.5768626666955E-1	-1.1513250064823E+0
6.0259575E+8	-1.5871949595009E-1	-1.1520669777726E+0
6.02596E+8	-1.600052080126E-1	-1.1523886574969E+0
6.0259625E+8	-1.6106328588032E-1	-1.153132843089E+0
6.025965E+8	-1.6219009412746E-1	-1.1536201595943E+0
6.0259675E+8	-1.6343388406897E-1	-1.1542495375139E+0
6.02597E+8	-1.646888319906E-1	-1.1546773768187E+0
6.0259725E+8	-1.6585632100126E-1	-1.1554535039494E+0
6.025975E+8	-1.6715407307859E-1	-1.1561713542503E+0
6.0259775E+8	-1.683581052011E-1	-1.1566588344346E+0
6.02598E+8	-1.6943268357117E-1	-1.1571150551028E+0
6.0259825E+8	-1.7045786480362E-1	-1.1576305074313E+0
6.025985E+8	-1.716517301104E-1	-1.1581323283426E+0
6.0259875E+8	-1.7284906010739E-1	-1.158637659412E+0
6.02599E+8	-1.7413951440289E-1	-1.1591768644259E+0
6.0259925E+8	-1.7515403775097E-1	-1.1598003405377E+0
6.025995E+8	-1.7626007579546E-1	-1.1603111460001E+0
6.0259975E+8	-1.7741459250368E-1	-1.1606126104716E+0
6.026E+8	-1.7858772858672E-1	-1.1611302634672E+0
6.0260025E+8	-1.7960386149322E-1	-1.1618465814727E+0
6.026005E+8	-1.8080519720488E-1	-1.1622599163564E+0
6.0260075E+8	-1.8186190630362E-1	-1.1626972176204E+0
6.02601E+8	-1.8296407946372E-1	-1.1632905891138E+0
6.0260125E+8	-1.8399358919922E-1	-1.163594331555E+0
6.026015E+8	-1.8497588884947E-1	-1.1640150504938E+0
6.0260175E+8	-1.8624740988392E-1	-1.1645408014066E+0
6.02602E+8	-1.8712646846912E-1	-1.1648659458079E+0
6.0260225E+8	-1.8812325440725E-1	-1.1655491810093E+0
6.026025E+8	-1.890929819586E-1	-1.1661336179556E+0
6.0260275E+8	-1.9041864698791E-1	-1.1664551112497E+0
6.02603E+8	-1.9137137834592E-1	-1.1668010165148E+0
6.0260325E+8	-1.9239996046046E-1	-1.1673185649227E+0
6.026035E+8	-1.9339121736972E-1	-1.1678260557287E+0
6.0260375E+8	-1.9433724664437E-1	-1.1683153227982E+0
6.02604E+8	-1.9531572685846E-1	-1.1685960673272E+0
6.0260425E+8	-1.9661144163951E-1	-1.1689867089323E+0
6.026045E+8	-1.9745232924115E-1	-1.1692225716164E+0
6.0260475E+8	-1.986109151727E-1	-1.1698122146891E+0
6.02605E+8	-1.994548673465E-1	-1.1700241291746E+0
6.0260525E+8	-2.0037697098027E-1	-1.1707122567611E+0
6.026055E+8	-2.0147787085978E-1	-1.1708300789782E+0
6.0260575E+8	-2.023341222837E-1	-1.1712606463665E+0
6.02606E+8	-2.033845883231E-1	-1.1717692556832E+0
6.0260625E+8	-2.0433791980883E-1	-1.1722471101902E+0
6.026065E+8	-2.0526351538183E-1	-1.1724857646282E+0
6.0260675E+8	-2.0633222798985E-1	-1.172899681498E+0
6.02607E+8	-2.0726056078126E-1	-1.1731275462902E+0
6.0260725E+8	-2.0819700515357E-1	-1.1737397644076E+0
6.026075E+8	-2.0908723067133E-1	-1.1739259028633E+0
6.0260775E+8	-2.1027639871594E-1	-1.1742899636479E+0
6.02608E+8	-2.1107433202038E-1	-1.1744385133966E+0
6.0260825E+8	-2.1220276760171E-1	-1.1751010377247E+0
6.026085E+8	-2.1306960857431E-1	-1.1753057272863E+0
6.0260875E+8	-2.1419833514311E-1	-1.1757453155941E+0
6.02609E+8	-2.1489203617671E-1	-1.1759108250488E+0
6.0260925E+8	-2.1592850236361E-1	-1.1763545009631E+0
6.026095E+8	-2.1681133463841E-1	-1.1765781462888E+0
6.0260975E+8	-2.1749329111132E-1	-1.1769959416035E+0
6.0261E+8	-2.1850014356524E-1	-1.1772322089525E+0
6.0261025E+8	-2.1956404548078E-1	-1.1775134354362E+0
6.026105E+8	-2.2039784436946E-1	-1.1778970521644E+0
6.0261075E+8	-2.2115320989789E-1	-1.1782993973176E+0
6.02611E+8	-2.2220993229813E-1	-1.178565637422E+0
6.0261125E+8	-2.2322311394859E-1	-1.1788099481259E+0
6.026115E+8	-2.2405674003891E-1	-1.1792597531756E+0
6.0261175E+8	-2.2471588941815E-1	-1.1794221025756E+0
6.02612E+8	-2.2562093758794E-1	-1.179734652226E+0
6.0261225E+8	-2.2660206838719E-1	-1.1799365227403E+0
6.026125E+8	-2.2755685921253E-1	-1.1801605090768E+0
6.0261275E+8	-2.2822637542232E-1	-1.1806075132749E+0
6.02613E+8	-2.2906522127567E-1	-1.1808533153371E+0
6.0261325E+8	-2.3010697079799E-1	-1.1811632232689E+0
6.026135E+8	-2.309198313319E-1	-1.1813157060306E+0
6.0261375E+8	-2.3180499604405E-1	-1.1817633285964E+0
6.02614E+8	-2.3262747771347E-1	-1.1817865311102E+0
6.0261425E+8	-2.3352549184091E-1	-1.1821817831922E+0
6.026145E+8	-2.340837827033E-1	-1.182537291367E+0
6.0261475E+8	-2.3507295229287E-1	-1.1828069870625E+0
6.02615E+8	-2.358767918198E-1	-1.1830610689173E+0
6.0261525E+8	-2.3692233337103E-1	-1.1835892887355E+0
6.026155E+8	-2.3762061296963E-1	-1.1838730932655E+0
6.0261575E+8	-2.3856281800319E-1	-1.1841382694046E+0
6.02616E+8	-2.3944778714313E-1	-1.1841888438849E+0
6.0261625E+8	-2.4001889103633E-1	-1.1843857947186E+0
6.026165E+8	-2.4109024507996E-1	-1.1849177383892E+0
6.0261675E+8	-2.4162402378644E-1	-1.1850723217858E+0
6.02617E+8	-2.423966399811E-1	-1.185185633533E+0
6.0261725E+8	-2.4315863471163E-1	-1.185377705615E+0
6.026175E+8	-2.4397514173974E-1	-1.1858454570253E+0
6.0261775E+8	-2.44815678929E-1	-1.1859514210815E+0
6.02618E+8	-2.456448216717E-1	-1.1863312184601E+0
6.0261825E+8	-2.4672013144792E-1	-1.1866282815705E+0
6.026185E+8	-2.4717649983083E-1	-1.186721400812E+0
6.0261875E+8	-2.4803175064336E-1	-1.1870531244686E+0
6.02619E+8	-2.4895409491125E-1	-1.1873087113222E+0
6.0261925E+8	-2.4958398965894E-1	-1.187221130136E+0
6.026195E+8	-2.5047170959017E-1	-1.1876272400568E+0
6.0261975E+8	-2.512012033048E-1	-1.1878342303088E+0
6.0262E+8	-2.5185591026875E-1	-1.188050327878E+0
6.0262025E+8	-2.5257985226485E-1	-1.1885058755698E+0
6.026205E+8	-2.5335739265782E-1	-1.1885832582049E+0
6.0262075E+8	-2.5415718536262E-1	-1.1888510760545E+0
6.02621E+8	-2.5494424231119E-1	-1.1891035665113E+0
6.0262125E+8	-2.5570125815411E-1	-1.1892316009208E+0
6.026215E+8	-2.5626326371602E-1	-1.189317940824E+0
6.0262175E+8	-2.5698090827874E-1	-1.1896124940768E+0
6.02622E+8	-2.5784484807627E-1	-1.1900189677499E+0
6.0262225E+8	-2.5858597263368E-1	-1.1901315701875E+0
6.026225E+8	-2.5905632711334E-1	-1.1901816081415E+0
6.0262275E+8	-2.5992129902316E-1	-1.1905230347477E+0
6.02623E+8	-2.6063390111142E-1	-1.1907946810324E+0
6.0262325E+8	-2.6153502509915E-1	-1.1910686052836E+0
6.026235E+8	-2.6215928168906E-1	-1.1910207361707E+0
6.0262375E+8	-2.6308419029571E-1	-1.1913865019997E+0
6.02624E+8	-2.6356116953657E-1	-1.1914236769461E+0
6.0262425E+8	-2.6429234552115E-1	-1.1918272861081E+0
6.026245E+8	-2.6493338910194E-1	-1.1919139033698E+0
6.0262475E+8	-2.6579931583207E-1	-1.1922129534428E+0
6.02625E+8	-2.6654002657242E-1	-1.1923140523872E+0
6.0262525E+8	-2.6715854954368E-1	-1.1925501878643E+0
6.026255E+8	-2.6800945342801E-1	-1.1929622405E+0
6.0262575E+8	-2.685069571815E-1	-1.1929484044719E+0
6.02626E+8	-2.6929667850799E-1	-1.1929175814602E+0
6.0262625E+8	-2.6983657262238E-1	-1.1932127758138E+0
6.026265E+8	-2.7068063345758E-1	-1.1932948280522E+0
6.0262675E+8	-2.7140737168041E-1	-1.1935727626052E+0
6.02627E+8	-2.7210066318086E-1	-1.1936854150654E+0
6.0262725E+8	-2.7257779699223E-1	-1.1939222780339E+0
6.026275E+8	-2.7320008928352E-1	-1.194081271864E+0
6.0262775E+8	-2.7385804259249E-1	-1.1941851489248E+0
6.02628E+8	-2.7474900880981E-1	-1.1943121693847E+0
6.0262825E+8	-2.7521974517094E-1	-1.1946989916154E+0
6.026285E+8	-2.7603428777437E-1	-1.1948765092584E+0
6.0262875E+8	-2.7680945910808E-1	-1.1951532980118E+0
6.02629E+8	-2.774819805388E-1	-1.1951975296487E+0
6.0262925E+8	-2.7791096761838E-1	-1.1952724206202E+0
6.026295E+8	-2.7842885491328E-1	-1.1952973145568E+0
6.0262975E+8	-2.7926278982823E-1	-1.1956391731061E+0
6.0263E+8	-2.7959821165053E-1	-1.1956173573773E+0
6.0263025E+8	-2.8047332748467E-1	-1.1958814831859E+0
6.026305E+8	-2.8111085172354E-1	-1.1958750175848E+0
6.0263075E+8	-2.8146917606111E-1	-1.196096162136E+0
6.02631E+8	-2.8239270683676E-1	-1.1962280704485E+0
6.0263125E+8	-2.8295326636258E-1	-1.1963414731323E+0
6.026315E+8	-2.8364551204544E-1	-1.1966567326816E+0
6.0263175E+8	-2.8438124387921E-1	-1.1968257068163E+0
6.02632E+8	-2.8498906801638E-1	-1.1969835502884E+0
6.0263225E+8	-2.8562193624318E-1	-1.1968994383377E+0
6.026325E+8	-2.8599441950222E-1	-1.1971226289669E+0
6.0263275E+8	-2.8668231380375E-1	-1.1971030048119E+0
6.02633E+8	-2.873223569711E-1	-1.197316187853E+0
6.0263325E+8	-2.8825167130864E-1	-1.1975640950893E+0
6.026335E+8	-2.8868942017168E-1	-1.1977196924278E+0
6.0263375E+8	-2.8947178001141E-1	-1.1979508172851E+0
6.02634E+8	-2.8985011505003E-1	-1.1980576134105E+0
6.0263425E+8	-2.9046414562526E-1	-1.1981945550731E+0
6.026345E+8	-2.9121190386191E-1	-1.1984035550218E+0
6.0263475E+8	-2.9186812018365E-1	-1.1982670589501E+0
6.02635E+8	-2.9224059431919E-1	-1.1984137808604E+0
6.0263525E+8	-2.9284206191088E-1	-1.1986027747208E+0
6.026355E+8	-2.9360334249667E-1	-1.1987447724676E+0
6.0263575E+8	-2.9412805911162E-1	-1.1989502804385E+0
6.02636E+8	-2.9467688770556E-1	-1.1991236331767E+0
6.0263625E+8	-2.953725798382E-1	-1.1990388392029E+0
6.026365E+8	-2.9595066291961E-1	-1.1993566358827E+0
6.0263675E+8	-2.9640389835048E-1	-1.1994721573882E+0
6.02637E+8	-2.9693282987989E-1	-1.1995594112069E+0
6.0263725E+8	-2.9753774851905E-1	-1.1995637397948E+0
6.026375E+8	-2.9809435223005E-1	-1.1997504511441E+0
6.0263775E+8	-2.9866502846632E-1	-1.1999106225981E+0
6.02638E+8	-2.9925936200704E-1	-1.2000118124722E+0
6.0263825E+8	-2.9990947185525E-1	-1.2000596497544E+0
6.026385E+8	-3.0059431062034E-1	-1.2002455472172E+0
6.0263875E+8	-3.0095414900401E-1	-1.2002658533946E+0
6.02639E+8	-3.0158274767291E-1	-1.2002782889913E+0
6.0263925E+8	-3.0207392661195E-1	-1.2005227179004E+0
6.026395E+8	-3.0276730890713E-1	-1.2005807491922E+0
6.0263975E+8	-3.0351695402332E-1	-1.2008311890148E+0
6.0264E+8	-3.0390415994957E-1	-1.2008440201913E+0
6.0264025E+8	-3.0458781195815E-1	-1.2009913604697E+0
6.026405E+8	-3.0493430530752E-1	-1.2009543946793E+0
6.0264075E+8	-3.0555994394828E-1	-1.2011767532345E+0
6.02641E+8	-3.0609931502796E-1	-1.2011952406743E+0
6.0264125E+8	-3.0682394330819E-1	-1.2013477643504E+0
6.026415E+8	-3.0736433289187E-1	-1.201584750082E+0
6.0264175E+8	-3.0771314513858E-1	-1.2015298697474E+0
6.02642E+8	-3.0830987938108E-1	-1.2016319826337E+0
6.0264225E+8	-3.0879275573969E-1	-1.2018248503975E+0
6.026425E+8	-3.0955635967694E-1	-1.2018643351344E+0
6.0264275E+8	-3.0992495983811E-1	-1.2021448068217E+0
6.02643E+8	-3.1048208184158E-1	-1.202257145543E+0
6.0264325E+8	-3.1100543887789E-1	-1.2022344340839E+0
6.026435E+8	-3.1160820678535E-1	-1.2024249147583E+0
6.0264375E+8	-3.1204263636074E-1	-1.2023444857465E+0
6.02644E+8	-3.1260576020133E-1	-1.2024661636756E+0
6.0264425E+8	-3.1319538313894E-1	-1.2025687039566E+0
6.026445E+8	-3.134887373415E-1	-1.2027089011564E+0
6.0264475E+8	-3.1423924630644E-1	-1.2026981296964E+0
